52.1490
47.2050
82.1500
100.931
98.4080
97.3510
96.4890
88.8300
80.8760
85.7500
72.3510
61.1980
46.5610
50.3610
83.2360
94.3430
84.7480
79.8280
69.0680
69.3620
59.4040
53.5300
50.2120
37.9720
40.1570
40.2740
66.5920
79.8390
87.3410
87.5940
82.3440
83.7120
78.1940
81.7040
69.0880
47.0260
45.2340
55.4310
79.3250
97.9830
86.8060
81.4240
86.3980
82.5220
80.0780
85.5600
64.8190
53.8470
51.3000
47.9090
71.9410
84.9820
91.3010
82.7410
73.5230
69.4650
71.5040
68.0390
55.0690
42.8270
33.3630
41.3670
61.8790
73.8350
74.8480
83.0070
75.4610
77.2910
75.9610
79.3930
67.4430
69.0410
54.8560
58.2870
91.5840
116.013
115.627
116.946
107.747
111.663
102.149
102.882
92.9040
80.3620
76.1850
76.3060
111.358
119.840
135.167
131.870
119.078
131.324
120.491
116.990
97.4280
73.1950
77.1050
73.5600
105.136
120.453
131.643
114.822
114.746
106.806
84.5040
86.0040
70.4880
46.7670
43.2920
57.5930
76.9460
102.237
96.3400
99.3180
90.7150
79.7820
73.4430
69.4600
57.8980
41.0410
39.7910
39.9590
62.4980
77.7770
92.7820
90.2840
92.7820
90.6550
84.5170
93.826
71.646
55.650







