  40.60781
  43.10781
   7.40781
   7.50781
  -9.59219
 -28.09219
 -30.69219
 -30.09219
  -7.89219
   7.30781
  13.70781
  22.60781
  45.60781
  20.90781
   4.80781
  -3.89219
 -19.39219
 -28.89219
  -2.49219
  29.50781
  65.80781
  60.50781
  41.30781
  26.20781
  -5.49219
  -9.69219
 -33.29219
 -20.49219
  -2.13744
  23.34708
  41.61843
  44.50781
  27.80781
  -1.79219
 -17.49219
 -30.09219
 -16.19219
  22.48482
  63.84674
  90.60781
  77.80781
  49.60781
  26.30781
  19.70781
   6.60781
   0.70781
 -18.99219
 -24.29219
 -33.89219
 -36.19219
 -33.49219
 -25.79219
  -6.29219
   4.70781
   2.80781
   7.20781
   1.90781
 -12.19219
 -30.19219
 -32.19219
 -37.79219
 -40.29219
 -38.89219
 -35.29219
 -28.09219
 -26.39219
  -4.89219
   5.50781
   0.80781
  -9.89219
 -16.39219
 -24.59219
 -33.69219
 -36.29219
 -38.49219
 -31.79219
 -23.69219
  -3.99219
   9.40781
  22.20781
  26.70781
  30.70781
   7.50781
 -12.79219
 -31.79219
 -27.09219
  16.60781
  44.62453
  63.36641
  62.90781
  45.50781
  22.90781
  -3.49219
 -16.09219
 -29.59219
 -25.29219
  -0.19219
  21.20781
  58.20781
  62.34707
  55.60781
  26.20781
  24.20781
  13.90781
  -1.29219
 -19.69219
 -33.59219
 -35.99219
 -17.49219
  14.50781
  53.50781
  55.40781
  36.90781
  18.80781
   3.70781
   6.70781
  -9.79219
 -23.99219
 -32.99219
  -2.99219
  33.60781
  61.52751
  70.90781
  61.40781
  26.00781
   4.40781
 -23.19219
 -28.99219
 -27.99219
 -36.89219
 -34.29219
  -7.99219
  14.00781
  19.40781
  23.40781
  23.20781
  11.90781
 -14.89219
 -27.19219
 -33.49219
 -33.99219
 -33.19219
  -4.69219
  32.70781
  44.60781
  37.70781
  23.70781
   1.50781
 -14.09219
 -13.59219
 -28.19219
 -30.79219
 -37.59219
 -35.29219
 -15.89219
   1.70781
  23.20781
  13.50781
  21.70781
   8.20781
   3.60781
 -21.69219
 -34.59219
 -36.69219
 -38.89219
 -30.69219
   7.10781
  16.80781
  63.60781
  40.30781
  23.30781
  -2.69219
 -14.19219
 -26.09219
 -34.49219
 -23.59219
