154.0
96.00
73.00
49.00
36.00
59.00
95.00
169.0
210.0
278.0
298.0
245.0
200.0
118.0
90.00
79.00
78.00
91.00
167.0
169.0
289.0
347.0
375.0
203.0
223.0
104.0
107.0
85.00
75.00
99.00
135.0
211.0
335.0
460.0
488.0
326.0
346.0
261.0
224.0
141.0
148.0
145.0
223.0
272.0
445.0
560.0
612.0
467.0
518.0
404.0
300.0
210.0
196.0
186.0
247.0
343.0
464.0
680.0
711.0
610.0
613.0
392.0
273.0
322.0
189.0
257.0
324.0
404.0
677.0
858.0
895.0
664.0
628.0
308.0
324.0
248.0
272.0






















