74.50
64.10
64.20
60.60
61.80
73.10
85.00
81.30
70.30
70.10
70.90
78.60
82.60
70.60
72.70
65.00
62.00
84.90
84.90
89.70
82.50
78.40
79.00
85.00
93.10
84.70
80.80
76.10
83.90
90.90
98.50
114.6
88.00
91.40
94.30
103.6
104.9
89.50
91.10
83.70
88.10
100.0
116.5
122.7
99.80
98.40
94.70
97.20
102.0
87.60
90.70
83.30
89.40
93.60
130.3
111.2
93.30
96.90
99.10
105.9
110.7
100.4
100.1
95.30
99.00
110.7
143.6
131.5
102.6
104.5
103.1
117.4
122.7
107.4
110.2
96.70
98.90
119.8
144.1
143.7
118.0
114.5
120.4
140.4
143.6
114.7
111.4
105.3
115.4
124.4
152.5
130.6
119.6
116.4
121.7
137.6
146.4
130.5
123.5
115.8
115.1
133.6
147.0
157.7
148.5
124.9
130.4
144.1
157.7
143.6
133.8
128.8
124.5
130.5
153.6
157.5
135.1
131.3
142.6
149.4
154.0
145.6
142.3
126.6
124.3
139.6
178.3
162.4
144.8
138.6
140.1
154.5
158.9
144.8
138.4
130.8
129.1
145.1
179.5
172.8
150.8
147.1
146.1
161.9
174.7
157.7
149.7
145.2
143.3
144.2
182.8
190.8
158.3
157.5
157.3
170.3
173.2
153.5
162.1
146.9
144.6
166.3
223.1
236.3
181.8
165.7
168.7
199.0
193.8
174.1
182.9
158.8
165.0
186.8
207.3
238.8
175.6
183.0
181.9
194.7
















