     1.12522
     1.72969
    -0.46707
    -0.97856
    -0.89278
    -0.17187
     0.01912
    -0.24874
     0.85838
     2.91991
     1.55582
     3.05845
     0.42186
    -0.03508
     1.02995
           0
    -0.01737
     0.60611
     1.13307
     0.30679
     0.06806
     0.33956
    -0.44165
     1.08366
     0.33625
    -0.21843
     0.53682
     0.83306
     0.62852
     0.62459
     0.60443
     0.82718
     0.83642
     1.11502
     0.88315
     1.10861
     0.38744
     0.96976
     0.13778
     0.39694
      0.2435
     0.57593
     0.45235
     0.85388
     0.75787
     0.38415
     0.27981
     0.64498
     0.17518
     0.43663
     0.14512
    -0.11608
     0.49241
     0.46123
     0.15805
     0.82929
     0.35534
     0.19844
     0.64926
      0.4632
     0.06999
     0.27949
     0.70917
     0.26293
     0.28979
     0.54969
     0.26005
     0.83032
     0.48682
     0.57838
     0.53504
     0.99556
     1.14258
     0.53395
     0.98231
     0.64103
     0.35719
     0.95051
     1.06644
     1.26491
     1.21258
     0.84859
     1.37867
     1.16005
     1.32111
     1.60151
     1.28332
     1.42291
     1.30418
      0.7875
     1.34186
     1.46191
     1.36772
     0.85319
     0.89733
     1.35641
     0.70657
     0.83138
     1.27857
     1.37906
     1.73331
       1.685
      2.0533
     1.80448
     2.46221
     2.55777
     2.85359
      2.5468
     1.26154
     1.78405
     1.80707
     0.87222
     0.90277
     1.20369
     1.56791
     1.33193
     1.60258
     1.44268
     1.55489
     1.30393
     2.56469
     2.08044
     2.18616
     2.05115
     2.02847
     2.00024
     1.75891
      2.2884
     2.59487
     2.11951
      2.6769
     2.60184
      1.5769
     2.39051
     1.99812
       1.129
     1.35851
     0.84759
     0.83096
     1.22892
     0.64619
     0.76254
     1.06889