  1138.000000
  1193.000000
  1212.000000
  1255.000000
  1303.000000
  1366.000000
  1407.000000
  1436.000000
  1433.000000
  1472.000000
  1553.000000
  1630.000000
  1722.000000
  1795.000000
  1918.000000
  1992.000000
  2048.000000
  2129.000000
  2221.000000
  2364.000000
  2573.000000
  2664.000000
  2809.000000
  2968.000000
  3093.000000
  3049.000000
  3216.000000
  3226.000000
  3322.000000
  3377.000000
  3491.000000
  3438.000000
  3477.000000
  3477.000000
  3530.000000
  3604.000000