#220000
#4
#INDICE DE PRODUCCION INDUSTRIAL (IPI) GENERAL
#UNIDAD: INDICE 1990=100
#FUENTE: INE
#ACTUALIZA: SGAM (AREA COYUNTURA NACIONAL)
#12 1975 1 315
70.000
71.400
75.000
74.100
73.500
73.000
69.600
48.500
75.200
81.000
76.100
74.400
70.200
72.200
77.700
76.800
78.400
76.700
77.700
50.900
80.200
81.700
83.200
80.000
77.000
80.600
88.100
80.400
84.900
80.700
74.800
51.600
83.800
83.900
83.400
84.300
81.400
81.600
83.700
82.400
83.300
86.300
77.500
53.000
85.600
88.700
89.400
82.600
84.400
78.800
86.100
79.200
89.300
85.700
82.000
54.000
83.700
88.900
90.700
80.300
86.200
85.900
87.100
83.000
87.200
83.600
83.300
50.000
85.000
92.300
88.200
83.500
81.600
83.100
87.700
82.800
85.700
85.600
87.300
48.200
83.600
89.100
87.300
83.200
79.000
80.900
89.200
81.800
85.800
83.500
84.200
47.400
87.100
85.000
87.700
82.500
83.600
83.300
90.500
84.400
89.200
86.800
82.700
49.900
87.700
86.800
88.900
86.600
86.500
87.100
89.900
81.500
89.800
85.500
85.800
53.300
85.300
91.600
90.100
82.500
88.500
84.500
89.100
84.800
90.500
83.800
89.500
52.300
88.200
98.900
92.800
86.200
88.300
88.000
87.500
94.500
91.100
92.400
93.600
50.400
92.100
100.300
94.800
88.000
87.600
91.900
96.500
91.400
96.200
97.200
102.800
53.100
98.400
101.900
101.000
92.000
90.100
96.400
103.300
94.900
101.200
100.200
99.500
56.400
100.700
100.800
105.700
94.400
100.600
98.700
103.300
102.000
104.700
107.600
104.500
60.000
104.900
107.200
108.800
92.600
105.000
98.800
108.300
95.900
107.000
107.000
104.300
59.700
102.300
105.600
109.100
92.300
103.600
98.900
96.700
102.200
104.000
102.300
104.400
58.900
102.700
112.200
106.200
95.200
100.200
101.000
104.200
98.200
100.200
102.800
104.400
58.400
98.700
100.700
97.400
86.700
88.300
90.400
98.000
90.200
95.300
96.800
97.500
56.900
97.100
97.000
99.500
92.110
91.100
95.200
103.500
97.000
102.100
105.500
102.700
64.200
104.900
104.400
109.200
99.900
104.200
101.500
113.900
97.400
112.000
112.700
106.200
67.400
105.600
108.100
110.400
95.200
102.700
102.400
106.400
98.300
108.400
106.200
110.400
66.400
104.800
114.800
108.500
96.800
105.700
102.100
106.300
115.800
111.600
114.300
119.500
71.700
115.800
125.000
115.500
106.900
110.500
114.200
121.300
112.400
117.800
123.800
126.500
76.500
120.000
123.700
122.000
112.000
112.900
113.900
123.700
114.900
121.500
126.100
128.300
81.100
125.000
123.400
128.400
118.000
118.500
125.200
136.300
114.800
133.100
132.700
128.500
86.900
125.100
126.800
133.300
112.300
124.200
120.800
131.300
