#IPI GENERAL
#
# Ene 1975 a Nov 2004
57
58.2
61.1
60.4
59.9
59.5
56.7
39.6
61.3
66
62
60.6
57.2
58.9
63.4
62.6
63.9
62.5
63.3
41.5
65.3
66.5999999999999
67.8
65.2
62.7
65.5999999999999
71.8
65.5999999999999
69.2
65.8
61
42.1
68.3
68.3
67.9
68.7
66.3
66.5
68.2
67.2
67.8
70.3
63.2
43.2
69.8
72.3
72.9
67.3
68.7
64.3
70.2
64.5999999999999
72.7
69.9
66.9
44
68.2
72.5
73.9
65.5
70.2
70
70.9
67.5999999999999
71.0999999999999
68.0999999999999
67.8
40.7
69.3
75.2
71.8
68.0999999999999
66.5
67.8
71.5
67.5
69.8
69.8
71.2
39.3
68.0999999999999
72.5999999999999
71.0999999999999
67.8
64.4
66
72.7
66.5999999999999
70
68
68.5999999999999
38.7
70.9
69.2
71.5
67.3
68.0999999999999
67.8
73.8
68.8
72.7
70.8
67.4
40.6
71.5
70.7
72.4
70.5
70.4
71
73.2
66.5
73.0999999999999
69.7
69.9
43.4
69.5
74.5999999999999
73.5
67.3
72.2
68.9
72.5999999999999
69.0999999999999
73.8
68.2
72.9
42.7
71.9
80.5999999999999
75.7
70.2
72
71.7
71.3
77
74.3
75.3
76.3
41
75
81.7
77.3
71.7
71.3
74.8
78.7
74.4
78.4
79.2
83.8
43.2
80.0999999999999
83.0999999999999
82.3
75
73.5
78.5999999999999
84.2
77.4
82.4
81.7
81.0999999999999
45.9
82.0999999999999
82.2
86.2
77
82
80.4
84.2
83.0999999999999
85.3
87.7
85.2
48.9
85.5
87.4
88.5999999999999
75.5
85.5
80.5
88.3
78.2
87.2
87.2
85
48.7
83.4
86.0999999999999
88.9
75.2
84.5
80.5999999999999
78.8
83.2
84.7
83.3
85.0999999999999
48
83.7
91
86.4
77.6
81.7
82.3
84.9
80.1
81.7
83.7
85.1
47.9
80.5
82
79.2
70.6
71.8
73.5
79.8
73.5
77.6
78.8
79.4
46.3
79.2
79.1
81.1
74.9
74.2
77.5
84.3
79
83.1
85.9
83.6
52.3
85.4
85
88.9
81.4
84.9
82.7
92.8
79.3
91.2
91.8
86.5
54.9
86
88
89.9
77.5
83.6
83.4
86.7
80.1
88.3
86.5
89.9
54.1
85.3
93.5
88.4
78.8
86.1
83.1
86.6
94.3
90.9
93.1
97.3
58.4
94.3
101.8
94.1
87.1
90
93
98.8
91.5
95.9
100.8
103
62.3
97.7
100.7
99.4
91.2
91.9
92.8
100.7
93.6
98.9
102.7
104.5
66
101.8
100.5
104.6
96.1
96.5
102
111
93.5
108.4
108.1
104.6
70.8
101.9
103.3
108.6
91.5
101.1
98.5
107
93.2
107.4
105.4
104.2
73.1
98.9
106.4
103.4
87.5
99
97.6
95.7
103.8
105.3
99.9
108
70.6
101.3
111.8
103.7
90.6
98.9
99.3
105
99.1
104
104.4
110.1
69.6
103.8
112.7
105.1
94.4
96
101.1
112.6
99.8
106.8
110.3
110.1
73.3
107.6
104.8
109.3