15039
14824
14735
14743
14506
14531
14442
14416
14233
14363
14488
14384
14736
14764
14666
14705
14846
14682
14759
14732
14895
14828
15053
15265
15080
15365
15311
15712
15912
16427
16871
16955
17137
17218
17360
17535
17898
18080
18176
18205
18488
18587
18534
18723
18671
18794
18926
19338
19159
19025
18918
18415
18150
18091
18231
18128
18279
18306
18448
18786
19199
19252
19069
19110
18947
19327
19640
19774
20176
20381
20625
21013
21451
21445
21706
22009
22076
22351
22773
23038
23256
23468
23404
23574
23897
24001
23978
23710
23751
23959
24213
24255
24209
24266
24363
24552
24664
24822
25068
