# Created by Octave 4.2.0, Sun Feb 12 12:20:49 2023 CET <marcos@encina>
# name: X255100
# type: matrix
# rows: 781
# columns: 2
 195801 1236.3
 195802 1125.8
 195803 1196.2
 195804 1095.6
 195805 1115.8
 195806 1095.6
 195807 1140.9
 195808 1120.7
 195809 1181.1
 195810 1261.5
 195811 1256.4
 195812 1301.7
 195901 1331.8
 195902 1231.3
 195903 1241.4
 195904 1241.4
 195905 1181.1
 195906 1196.2
 195907 1236.3
 195908 1191.1
 195909 1181.1
 195910 1261.5
 195911 1306.7
 195912 1352
 196001 1346.9
 196002 1311.7
 196003 1326.8
 196004 1231.3
 196005 1301.7
 196006 1256.4
 196007 1301.7
 196008 1301.7
 196009 1316.8
 196010 1372
 196011 1432.4
 196012 1583.1
 196101 1593.2
 196102 1397.2
 196103 1502.7
 196104 1407.3
 196105 1462.5
 196106 1392.1
 196107 1452.5
 196108 1467.5
 196109 1482.6
 196110 1543
 196111 1628.3
 196112 1688.7
 196201 1698.7
 196202 1553
 196203 1759.1
 196204 1553
 196205 1618.3
 196206 1553
 196207 1613.3
 196208 1553
 196209 1618.3
 196210 1628.3
 196211 1764
 196212 1734
 196301 1814.4
 196302 1975.2
 196303 1854.5
 196304 1749
 196305 1754
 196306 1718.8
 196307 1708.7
 196308 1653.5
 196309 1698.7
 196310 1794.2
 196311 1960.1
 196312 2075.7
 196401 2231.5
 196402 2115.8
 196403 2045.5
 196404 2025.4
 196405 1929.9
 196406 1970.1
 196407 2025.4
 196408 1934.9
 196409 2075.7
 196410 2191.3
 196411 2246.6
 196412 2402.4
 196501 2392.3
 196502 2301.8
 196503 2347.1
 196504 2141
 196505 2226.4
 196506 2196.2
 196507 2362.1
 196508 2226.4
 196509 2301.8
 196510 2372.2
 196511 2497.8
 196512 2688.8
 196601 2734
 196602 2502.9
 196603 2754.2
 196604 2477.7
 196605 2548.1
 196606 2447.6
 196607 2533
 196608 2517.9
 196609 2643.6
 196610 2698.9
 196611 2975.2
 196612 3151.2
 196701 3196.4
 196702 2904.9
 196703 2904.9
 196704 2879.8
 196705 2829.6
 196706 2804.4
 196707 2879.8
 196708 2784.4
 196709 2915
 196710 3035.6
 196711 3211.5
 196712 3503
 196801 3573.3
 196802 3382.3
 196803 3447.7
 196804 3090.9
 196805 3176.3
 196806 3010.5
 196807 3236.7
 196808 3070.8
 196809 3216.5
 196810 3487.9
 196811 3643.8
 196812 3895
 196901 4030.7
 196902 3759.3
 196903 3915.1
 196904 3573.3
 196905 3578.4
 196906 3472.8
 196907 3673.8
 196908 3513
 196909 3583.4
 196910 3874.9
 196911 4091
 196912 4503.2
 197001 4437.8
 197002 4136.2
 197003 4317.2
 197004 4126.2
 197005 3920.1
 197006 3940.3
 197007 4076
 197008 3804.6
 197009 4131.2
 197010 4312.2
 197011 4357.4
 197012 4875.1
 197101 4925.3
 197102 4447.9
 197103 4895.1
 197104 4206.6
 197105 4196.6
 197106 4091
 197107 4367.5
 197108 4055.8
 197109 4297
 197110 4377.5
 197111 4900.2
 197112 5262
 197201 5367.5
 197202 5151.5
 197203 5211.7
 197204 4704.2
 197205 4804.6
 197206 4684.1
 197207 4739.4
 197208 4473
 197209 4789.6
 197210 5091.2
 197211 5422.8
 197212 5870.2
 197301 6201.8
 197302 5694.2
 197303 5985.8
 197304 5262
 197305 5367.5
 197306 5106.2
 197307 5327.4
 197308 5091.2
 197309 5447.9
 197310 5794.8
 197311 6126.4
 197312 6493.4
 197401 6644.1
 197402 6171.7
 197403 6453.1
 197404 5764.6
 197405 5845.1
 197406 5483.1
 197407 5769.7
 197408 5392.7
 197409 5799.8
 197410 6362.6
 197411 6453.1
 197412 6729.6
 197501 6875.3
 197502 6201.8
 197503 6543.6
 197504 6267.2
 197505 5870.2
 197506 5749.5
 197507 6056.1
 197508 5362.6
 197509 5970.7
 197510 6488.3
 197511 6704.5
 197512 7463.4
 197601 7508.6
 197602 6940.7
 197603 7056.3
 197604 6558.7
 197605 6392.8
 197606 6367.7
 197607 6714.5
 197608 5749.5
 197609 6438.1
 197610 6815
 197611 7453.3
 197612 7785
 197701 7976
 197702 7262.3
 197703 7553.8
 197704 6810
 197705 6935.6
 197706 6608.9
 197707 6583.8
 197708 5764.6
 197709 6789.9
 197710 6985.9
 197711 7574
 197712 8061.4
 197801 8518.700000000001
 197802 7553.8
 197803 7634.2
 197804 7352.8
 197805 7181.9
 197806 7031.2
 197807 7006
 197808 6181.7
 197809 7207
 197810 7453.3
 197811 8041.3
 197812 8478.6
 197901 8925.799999999999
 197902 8026.3
 197903 8639.4
 197904 7684.4
 197905 7825.2
 197906 7493.4
 197907 7548.7
 197908 6578.8
 197909 7428.2
 197910 8006.1
 197911 8775.1
 197912 8935.9
 198001 9689.799999999999
 198002 8528.799999999999
 198003 8584.1
 198004 7880.5
 198005 7930.7
 198006 7568.9
 198007 7865.4
 198008 6588.8
 198009 7835.3
 198010 8373
 198011 8714.799999999999
 198012 9614.4
 198101 9614.4
 198102 8905.799999999999
 198103 8584.1
 198104 7880.5
 198105 7965.9
 198106 7930.7
 198107 8212.200000000001
 198108 6664.2
 198109 7880.5
 198110 8202.1
 198111 8508.700000000001
 198112 9101.799999999999
 198201 9227.4
 198202 8704.700000000001
 198203 9066.6
 198204 8056.4
 198205 8232.299999999999
 198206 8021.2
 198207 8579.1
 198208 6860.2
 198209 8126.8
 198210 8292.6
 198211 8850.5
 198212 9740
 198301 9971.799999999999
 198302 9330.6
 198303 9038.1
 198304 8428.1
 198305 8680.200000000001
 198306 8451.9
 198307 8813
 198308 7148.9
 198309 8511.1
 198310 8711.299999999999
 198311 8974.799999999999
 198312 10011.2
 198401 10505
 198402 9588.9
 198403 10261.2
 198404 8448.799999999999
 198405 9126.299999999999
 198406 8664.6
 198407 9212.4
 198408 7820.1
 198409 8776.6
 198410 9191.6
 198411 9421.9
 198412 9984.200000000001
 198501 11406.5
 198502 9312
 198503 10002.9
 198504 8800.9
 198505 9238.200000000001
 198506 8903.200000000001
 198507 9702
 198508 8066
 198509 9301.6
 198510 9625.299999999999
 198511 10210.4
 198512 10543.4
 198601 11154.9
 198602 10342
 198603 9818.6
 198604 9901.5
 198605 9261.4
 198606 9293
 198607 9941
 198608 8157.4
 198609 9303
 198610 9521.5
 198611 9930.6
 198612 10618
 198701 11388.1
 198702 10192.2
 198703 10080.7
 198704 9355.6
 198705 9661.200000000001
 198706 9721.9
 198707 10395.2
 198708 8766.200000000001
 198709 10034.9
 198710 10048.9
 198711 10565.1
 198712 10808.3
 198801 11019.6
 198802 10692.8
 198803 10909.6
 198804 9907.4
 198805 10112.8
 198806 9890.1
 198807 10734.2
 198808 9440.5
 198809 10545.5
 198810 10442.5
 198811 11007.1
 198812 11931.5
 198901 12674.3
 198902 11232.2
 198903 11159.6
 198904 10865
 198905 10584.9
 198906 10789.3
 198907 11518.6
 198908 10136.7
 198909 10582.8
 198910 10945.9
 198911 11222.9
 198912 11372.3
 199001 12947.1
 199002 10911.7
 199003 11874.4
 199004 10875.4
 199005 11086
 199006 11292.4
 199007 11901.4
 199008 10411.6
 199009 11118.1
 199010 11233.3
 199011 11906.6
 199012 13101.7
 199101 13533.2
 199102 12406.6
 199103 11682.5
 199104 11274.8
 199105 11469.8
 199106 11221.9
 199107 12150.4
 199108 10729.1
 199109 11537.2
 199110 11974
 199111 12322.6
 199112 12709.5
 199201 14091.4
 199202 12802.9
 199203 12510.3
 199204 11387.8
 199205 11442.8
 199206 10948
 199207 12243.7
 199208 10882.6
 199209 11555.9
 199210 11680
 199211 11626
 199212 12285
 199301 13116
 199302 11933
 199303 12473
 199304 10905
 199305 11103
 199306 11219
 199307 11919
 199308 10783
 199309 11206
 199310 11867
 199311 12325
 199312 12781
 199401 13147
 199402 12163
 199403 12096
 199404 11601
 199405 11697
 199406 11919
 199407 12804
 199408 11645
 199409 11927
 199410 11860
 199411 12235
 199412 13142
 199501 13989
 199502 12091
 199503 13302
 199504 11824
 199505 12406
 199506 12365
 199507 13011
 199508 12012
 199509 12241
 199510 12364
 199511 12603
 199512 13286
 199601 13850.727
 199602 13528.649
 199603 13540.004
 199604 11994.133
 199605 12492.689
 199606 12787.945
 199607 13522.616
 199608 12235.866
 199609 12311.298
 199610 12885.964
 199611 13263.783
 199612 13831.493
 199701 14792.57644
 199702 12514.00033
 199703 12944.24382
 199704 12941.66951
 199705 13079.84538
 199706 13056.49185
 199707 13847.15878
 199708 12982.25383
 199709 13640.91818
 199710 13762.20955
 199711 13926.97215
 199712 14924.18095
 199801 15177.18342
 199802 13715.34436
 199803 14381.05489
 199804 13718.16968
 199805 13720.75781
 199806 14101.01119
 199807 15287.2633
 199808 13826.10032
 199809 14159.27307
 199810 14312.69793
 199811 14692.95562
 199812 16013.64616
 199901 16178.87753
 199902 14977.15604
 199903 15402.10979
 199904 14033.68758
 199905 14640.04858
 199906 15059.87995
 199907 16265.64815
 199908 14655.66634
 199909 14980.51091
 199910 14956.76934
 199911 16250.40891
 199912 16958.45128
 200001 17861.48079
 200002 15696.05953
 200003 16387.84481
 200004 15198.48365
 200005 15562.37164
 200006 16099.01167
 200007 16574.69546
 200008 15652.25166
 200009 15984.20514
 200010 15973.82966
 200011 16915.05064
 200012 17144.99424
 200101 18308.01781
 200102 16496.55856
 200103 17240.01274
 200104 15532.85029
 200105 16682.8624
 200106 17097.15039
 200107 17652.05067
 200108 16763.56152
 200109 16479.7155
 200110 16740.57348
 200111 17794.63327
 200112 18893.78366
 200201 19369.88285
 200202 17007.95188
 200203 17636.53304
 200204 17024.00392
 200205 17183.34827
 200206 17387.80195
 200207 18481.69705
 200208 16595.92591
 200209 16957.62725
 200210 17644.56445
 200211 17848.01717
 200212 18534.80177
 200301 20222.15769
 200302 18776.77887
 200303 18518.35969
 200304 17006.97991
 200305 17750.39876
 200306 18917.92852
 200307 20071.123
 200308 18720.20442
 200309 18178.57642
 200310 18738.52744
 200311 18883.20217
 200312 20147.32952
 200401 20363.71279
 200402 19490.29647
 200403 20592.41597
 200404 18265.49643
 200405 18513.66591
 200406 19390.87674
 200407 20673.25669
 200408 19001.00749
 200409 19287.46958
 200410 19150.77505
 200411 20205.02632
 200412 21174.84333
 200501 22461.17521
 200502 20991.0493
 200503 21024.85671
 200504 19050.91277
 200505 19198.67155
 200506 20515.54759
 200507 21562.20672
 200508 19571.03772
 200509 19480.34427
 200510 19246.52892
 200511 20649.5369
 200512 22551.20814
 200601 23471.9281
 200602 21263.93294
 200603 21970.97526
 200604 18688.94543
 200605 20369.79051
 200606 20864.3119
 200607 23071.56119
 200608 20627.87375
 200609 20824.48803
 200610 20459.06024
 200611 20566.93875
 200612 22934.57868
 200701 24176.08594
 200702 21200.14114
 200703 22564.19159
 200704 20277.50579
 200705 20858.66549
 200706 21093.81933
 200707 22886.9887
 200708 21143.5706
 200709 20886.96149
 200710 21216.04547
 200711 22500.23099
 200712 23783.15809
 200801 24442.02288
 200802 22556.95017
 200803 22315.98548
 200804 21514.43365
 200805 20942.10015
 200806 21093.81933
 200807 23276.06751
 200808 21756.73414
 200809 21074.94415
 200810 21131.18129
 200811 22027.72614
 200812 23212.3623
 200901 23782.08827
 200902 20887.73586
 200903 20932.39438
 200904 19233.90368
 200905 19643.68994
 200906 20545.38002
 200907 22461.40515
 200908 21169.30232
 200909 20400.54593
 200910 20328.1964
 200911 20617.95167
 200912 22771.32741
 201001 23758.30618
 201002 21911.23492
 201003 22816.30988
 201004 19945.55812
 201005 20429.43754
 201006 20442.65312
 201007 23180.17011
 201008 21486.84186
 201009 20706.55412
 201010 20511.15017
 201011 21978.73648
 201012 23477.23856
 201101 23609.34247
 201102 21363.32437
 201103 22735.4958
 201104 19186.96114
 201105 20269.19231
 201106 20732.84536
 201107 21913.06576
 201108 21524.47351
 201109 20965.78679
 201110 20289.23357
 201111 20584.39174
 201112 21827.26627
 201201 23059.29725
 201202 22926.81057
 201203 21343.72118
 201204 19452.26155
 201205 20148.68707
 201206 20717.49066
 201207 21633.26227
 201208 21420.22946
 201209 19773.06137
 201210 19707.62849
 201211 20237.35049
 201212 21300.36964
 201301 22520.18498
 201302 20518.32352
 201303 21163.53589
 201304 19454.23743
 201305 19405.32019
 201306 19106.13992
 201307 21615.26847
 201308 20586.58578
 201309 19659.13698
 201310 19747.62522
 201311 20435.00414
 201312 21708.96258
 201401 22018.32732
 201402 20338.27178
 201403 20883.90312
 201404 18773.53127
 201405 19451.6516
 201406 19558.41438
 201407 21058.36278
 201408 20141.59813
 201409 20234.8489
 201410 19662.51909
 201411 19755.72763
 201412 21297.29457
 201501 22635.02071
 201502 20954.33908
 201503 21137.75433
 201504 18814.87833
 201505 19839.98776
 201506 20343.19374
 201507 23445.02846
 201508 20860.3009
 201509 19542.58812
 201510 19720.61066
 201511 19847.83054
 201512 20828.49475
 201601 21463.89185
 201602 20794.63503
 201603 21429.10139
 201604 19902.37789
 201605 19690.88864
 201606 20216.38514
 201607 22201.78915
 201608 21425.56417
 201609 20808.25338
 201610 19817.63946
 201611 20628.84646
 201612 21300.51719
 201701 23078.32742
 201702 19959.31758
 201703 21086.73486
 201704 18963.08109
 201705 20204.90972
 201706 21680.30156
 201707 22413.1948
 201708 21769.08451
 201709 20145.29342
 201710 20160.5713
 201711 20893.49929
 201712 22152.08981
 201801 22595.72624
 201802 21274.77616
 201803 22075.62441
 201804 19925.8672
 201805 20083.6501
 201806 20336.40776
 201807 22180.93395
 201808 21984.32958
 201809 20742.56614
 201810 20289.25329
 201811 20902.80879
 201812 21174.47646
 201901 23296.64908
 201902 20154.62969
 201903 20726.89577
 201904 19514.05198
 201905 19899.13597
 201906 19970.83549
 201907 22701.20407
 201908 21177.25363
 201909 19936.18444
 201910 20155.46355
 201911 20817.22653
 201912 20907.16403
 202001 22577.21738
 202002 19840.08566
 202003 19808.36243
 202004 16160.44922
 202005 17368.38993
 202006 18362.47059
 202007 21947.25979
 202008 20745.84343
 202009 19374.54506
 202010 19617.86422
 202011 19650.36005
 202012 21302.17034
 202101 22753.55773
 202102 19213.72993
 202103 20740.70161
 202104 18915.39375
 202105 19296.11244
 202106 19598.38337
 202107 21581.64261
 202108 20660.57627
 202109 19669.4597
 202110 18985.5528
 202111 20289.53402
 202112 20841.07604
 202201 21516.77105
 202202 19090.95073
 202203 20280.02488
 202204 18427.77558
 202205 19122.92117
 202206 20015.58499
 202207 22127.54897
 202208 20487.20818
 202209 18952.25688
 202210 18088.67446
 202211 18241.90201
 202212 19106.8883
 202301 20833.9327


