70
71.4
75
74.1
73.5
73
69.6
48.5
75.2
81
76.1
74.4
70.2
72.2
77.7
76.8
78.4
76.7
77.7
50.9
80.2
81.7
83.2
80
77
80.6
88.1
80.4
84.9
80.7
74.8
51.6
83.8
83.9
83.4
84.3
81.4
81.6
83.7
82.4
83.3
86.3
77.5
53
85.6
88.7
89.4
82.6
84.4
78.8
86.1
79.2
89.3
85.7
82
54
83.7
88.9
90.7
80.3
86.2
85.9
87.1
83
87.2
83.6
83.3
50
85
92.3
88.2
83.5
81.6
83.1
87.7
82.8
85.7
85.6
87.3
48.2
83.6
89.1
87.3
83.2
79
80.9
89.2
81.8
85.8
83.5
84.2
47.4
87.1
85
87.7
82.5
83.6
83.3
90.5
84.4
89.2
86.8
82.7
49.9
87.7
86.8
88.9
86.6
86.5
87.1
89.9
81.5
89.8
85.5
85.8
53.3
85.3
91.6
90.1
82.5
88.5
84.5
89.1
84.8
90.5
83.8
89.5
52.3
88.2
98.9
92.8
86.2
88.3
88
87.5
94.5
91.1
92.4
93.6
50.4
92.1
100.3
94.8
88
87.6
91.9
96.5
91.4
96.2
97.2
102.8
53.1
98.4
101.9
101
92
90.1
96.4
103.3
94.9
101.2
100.2
99.5
56.4
100.7
100.8
105.7
94.4
100.6
98.7
103.3
102
104.7
107.6
104.5
60
104.9
107.2
108.8
92.6
105
98.8
108.3
95.9
107
107
104.3
59.7
102.3
105.6
109.1
92.3
103.6
98.9
96.7
102.2
104
102.3
104.4
58.9
102.7
112.2
106.2
95.2
100.2
101
104.2
98.2
100.2
102.8
104.4
58.4
98.7
100.7
97.4
86.7
88.3
90.4
98
90.2
95.3
96.8
97.5
56.9
97.1
97
99.5
92.11
91.1
95.2
103.5
97
102.1
105.5
102.7
64.2
104.9
104.4
109.2
99.9
104.2
101.5
113.9
97.4
112
112.7
106.2
67.4
105.6
108.1
110.4
95.2
